targetNodeID final_score_f in total
0 0.00054597 0.00054597
1 1.88265e-06 0.000547852
2 1.12959e-05 0.000559148
3 0.000199561 0.00075871
4 3.01225e-05 0.000788832
5 1.88265e-05 0.000807659
6 0 0.000807659
7 0.000150612 0.000958271
8 0 0.000958271
9 0.000566679 0.00152495
10 9.41327e-06 0.00153436
11 2.07092e-05 0.00155507
12 0.00133292 0.00288799
13 0 0.00288799
14 0.000105429 0.00299342
15 0.000242862 0.00323628
16 2.25918e-05 0.00325887
17 0.000210857 0.00346973
18 5.83623e-05 0.00352809
19 2.44745e-05 0.00355257
20 0.000280515 0.00383308
21 0 0.00383308
22 0 0.00383308
23 0.000224036 0.00405712
24 5.64796e-06 0.00406277
25 4.8949e-05 0.00411172
26 0.00251523 0.00662694
27 3.57704e-05 0.00666271
28 3.76531e-06 0.00666648
29 5.64796e-06 0.00667213
30 3.76531e-06 0.00667589
31 0 0.00667589
32 5.64796e-06 0.00668154
33 0 0.00668154
34 6.77755e-05 0.00674932
35 0 0.00674932
36 1.88265e-06 0.0067512
37 4.14184e-05 0.00679262
38 3.76531e-05 0.00683027
39 0.00192972 0.00875999
40 2.63572e-05 0.00878635
41 0 0.00878635
42 5.4597e-05 0.00884094
43 0 0.00884094
44 0 0.00884094
45 0 0.00884094
46 0 0.00884094
47 1.88265e-06 0.00884283
48 0.000160026 0.00900285
49 9.41327e-06 0.00901226
50 0 0.00901226
51 1.88265e-06 0.00901415
52 0 0.00901415
53 0.000530908 0.00954506
54 0 0.00954506
55 4.70664e-05 0.00959212
56 4.3301e-05 0.00963542
57 0.000137434 0.00977286
58 0.000265454 0.0100383
59 3.76531e-05 0.010076
60 0 0.010076
61 1.88265e-05 0.0100948
62 3.76531e-06 0.0100986
63 0 0.0100986
64 0 0.0100986
65 0.000118607 0.0102172
66 2.07092e-05 0.0102379
67 1.88265e-05 0.0102567
68 0.000263572 0.0105203
69 0.00211234 0.0126326
70 0 0.0126326
71 9.41327e-06 0.012642
72 0.000242862 0.0128849
73 2.82398e-05 0.0129131
74 0 0.0129131
75 7.71888e-05 0.0129903
76 2.82398e-05 0.0130186
77 1.88265e-05 0.0130374
78 0 0.0130374
79 5.64796e-06 0.013043
80 0 0.013043
81 0.00064575 0.0136888
82 0.000193913 0.0138827
83 0.00165674 0.0155394
84 0.000480077 0.0160195
85 3.76531e-05 0.0160572
86 0.000551618 0.0166088
87 0 0.0166088
88 0.00195984 0.0185686
89 0 0.0185686
90 5.08317e-05 0.0186194
91 0 0.0186194
92 3.01225e-05 0.0186496
93 2.44745e-05 0.018674
94 0.000643868 0.0193179
95 5.64796e-06 0.0193236
96 0 0.0193236
97 0 0.0193236
98 4.3301e-05 0.0193669
99 5.64796e-06 0.0193725
100 2.82398e-05 0.0194007
101 2.07092e-05 0.0194215
102 3.20051e-05 0.0194535
103 5.64796e-06 0.0194591
104 0 0.0194591
105 0 0.0194591
106 7.53062e-05 0.0195344
107 0 0.0195344
108 1.88265e-06 0.0195363
109 1.50612e-05 0.0195514
110 0.000495138 0.0200465
111 3.57704e-05 0.0200823
112 0.00202197 0.0221042
113 0 0.0221042
114 0 0.0221042
115 0 0.0221042
116 2.25918e-05 0.0221268
117 1.88265e-06 0.0221287
118 0 0.0221287
119 0 0.0221287
120 0.000133668 0.0222624
121 0 0.0222624
122 0.00178852 0.0240509
123 0.200958 0.225009
124 0 0.225009
125 0 0.225009
126 0 0.225009
127 0 0.225009
128 0 0.225009
129 1.88265e-05 0.225028
130 0 0.225028
131 0 0.225028
132 0 0.225028
133 1.88265e-06 0.22503
134 0.000203327 0.225233
135 1.88265e-06 0.225235
136 4.51837e-05 0.22528
137 2.07092e-05 0.225301
138 1.69439e-05 0.225318
139 0 0.225318
140 2.07092e-05 0.225339
141 0.000259806 0.225598
142 0 0.225598
143 2.82398e-05 0.225627
144 1.88265e-06 0.225629
145 0 0.225629
146 5.64796e-05 0.225685
147 0.000176969 0.225862
148 3.38878e-05 0.225896
149 3.01225e-05 0.225926
150 1.88265e-06 0.225928
151 0.000135551 0.226063
152 0 0.226063
153 0.00183371 0.227897
154 1.31786e-05 0.22791
155 0 0.22791
156 5.08317e-05 0.227961
157 0.00187512 0.229836
158 1.88265e-06 0.229838
159 1.88265e-05 0.229857
160 4.51837e-05 0.229902
161 4.8949e-05 0.229951
162 9.03674e-05 0.230041
163 0 0.230041
164 0 0.230041
165 0 0.230041
166 5.08317e-05 0.230092
