RednodeID BluenodeID targetNodeID reachProb
26 12 0 0.00000000
26 12 1 0.00031440
26 12 2 0.00125761
26 12 3 0.02986831
26 12 4 0.00314403
26 12 5 0.00125761
26 12 6 0.00000000
26 12 7 0.00031440
26 12 8 0.00000000
26 12 9 0.00000000
26 12 10 0.00000000
26 12 11 0.00125761
26 12 12 0.21347980
26 12 13 0.00000000
26 12 14 0.00408724
26 12 15 0.00377284
26 12 16 0.00000000
26 12 17 0.02075061
26 12 18 0.00534486
26 12 19 0.00000000
26 12 20 0.03867160
26 12 21 0.00000000
26 12 22 0.00000000
26 12 23 0.03489876
26 12 24 0.00031440
26 12 25 0.00440165
26 12 26 0.23706005
26 12 27 0.00440165
26 12 28 0.00062881
26 12 29 0.00062881
26 12 30 0.00000000
26 12 31 0.00000000
26 12 32 0.00062881
26 12 33 0.00000000
26 12 34 0.01100411
26 12 35 0.00000000
26 12 36 0.00031440
26 12 37 0.00440165
26 12 38 0.00251523
26 12 39 0.00000000
26 12 40 0.00188642
26 12 41 0.00000000
26 12 42 0.00565926
26 12 43 0.00000000
26 12 44 0.00000000
26 12 45 0.00000000
26 12 46 0.00000000
26 12 47 0.00031440
26 12 48 0.00000000
26 12 49 0.00062881
26 12 50 0.00000000
26 12 51 0.00000000
26 12 52 0.00000000
26 12 53 0.00000000
26 12 54 0.00000000
26 12 55 0.00094321
26 12 56 0.00345844
26 12 57 0.01697778
26 12 58 0.04150123
26 12 59 0.00408724
26 12 60 0.00000000
26 12 61 0.00125761
26 12 62 0.00062881
26 12 63 0.00000000
26 12 64 0.00000000
26 12 65 0.00754568
26 12 66 0.00062881
26 12 67 0.00188642
26 12 68 0.03678518
26 12 69 0.00031440
26 12 70 0.00000000
26 12 71 0.00125761
26 12 72 0.00471605
26 12 73 0.00251523
26 12 74 0.00000000
26 12 75 0.00534486
26 12 76 0.00031440
26 12 77 0.00000000
26 12 78 0.00000000
26 12 79 0.00062881
26 12 80 0.00000000
26 12 81 0.00723127
26 12 82 0.00000000
26 12 83 0.00000000
26 12 84 0.00031440
26 12 85 0.00314403
26 12 86 0.00377284
26 12 87 0.00000000
26 12 88 0.00000000
26 12 89 0.00000000
26 12 90 0.00565926
26 12 91 0.00000000
26 12 92 0.00440165
26 12 93 0.00314403
26 12 94 0.00565926
26 12 95 0.00062881
26 12 96 0.00000000
26 12 97 0.00000000
26 12 98 0.00157202
26 12 99 0.00062881
26 12 100 0.00251523
26 12 101 0.00000000
26 12 102 0.00220082
26 12 103 0.00062881
26 12 104 0.00000000
26 12 105 0.00000000
26 12 106 0.00000000
26 12 107 0.00000000
26 12 108 0.00031440
26 12 109 0.00125761
26 12 110 0.00000000
26 12 111 0.00000000
26 12 112 0.00534486
26 12 113 0.00000000
26 12 114 0.00000000
26 12 115 0.00000000
26 12 116 0.00188642
26 12 117 0.00000000
26 12 118 0.00000000
26 12 119 0.00000000
26 12 120 0.00000000
26 12 121 0.00000000
26 12 122 0.00000000
26 12 123 0.00000000
26 12 124 0.00000000
26 12 125 0.00000000
26 12 126 0.00000000
26 12 127 0.00000000
26 12 128 0.00000000
26 12 129 0.00000000
26 12 130 0.00000000
26 12 131 0.00000000
26 12 132 0.00000000
26 12 133 0.00000000
26 12 134 0.00000000
26 12 135 0.00031440
26 12 136 0.00408724
26 12 137 0.00188642
26 12 138 0.00157202
26 12 139 0.00000000
26 12 140 0.00251523
26 12 141 0.03930041
26 12 142 0.00000000
26 12 143 0.00188642
26 12 144 0.00000000
26 12 145 0.00000000
26 12 146 0.00597366
26 12 147 0.02609547
26 12 148 0.00282963
26 12 149 0.00251523
26 12 150 0.00000000
26 12 151 0.00408724
26 12 152 0.00000000
26 12 153 0.00723127
26 12 154 0.00031440
26 12 155 0.00000000
26 12 156 0.00408724
26 12 157 0.00000000
26 12 158 0.00031440
26 12 159 0.00094321
26 12 160 0.00440165
26 12 161 0.00503045
26 12 162 0.01477695
26 12 163 0.00000000
26 12 164 0.00000000
26 12 165 0.00000000
26 12 166 0.00408724
69 88 0 0.08614649
69 88 1 0.00000000
69 88 2 0.00000000
69 88 3 0.00000000
69 88 4 0.00000000
69 88 5 0.00000000
69 88 6 0.00000000
69 88 7 0.00000000
69 88 8 0.00000000
69 88 9 0.00000000
69 88 10 0.00062881
69 88 11 0.00000000
69 88 12 0.00031440
69 88 13 0.00000000
69 88 14 0.00000000
69 88 15 0.00000000
69 88 16 0.00157202
69 88 17 0.00157202
69 88 18 0.00031440
69 88 19 0.00000000
69 88 20 0.00000000
69 88 21 0.00000000
69 88 22 0.00000000
69 88 23 0.00000000
69 88 24 0.00000000
69 88 25 0.00000000
69 88 26 0.00062881
69 88 27 0.00000000
69 88 28 0.00000000
69 88 29 0.00000000
69 88 30 0.00000000
69 88 31 0.00000000
69 88 32 0.00000000
69 88 33 0.00000000
69 88 34 0.00000000
69 88 35 0.00000000
69 88 36 0.00000000
69 88 37 0.00000000
69 88 38 0.00000000
69 88 39 0.00000000
69 88 40 0.00000000
69 88 41 0.00000000
69 88 42 0.00000000
69 88 43 0.00000000
69 88 44 0.00000000
69 88 45 0.00000000
69 88 46 0.00000000
69 88 47 0.00000000
69 88 48 0.00000000
69 88 49 0.00000000
69 88 50 0.00000000
69 88 51 0.00000000
69 88 52 0.00000000
69 88 53 0.00000000
69 88 54 0.00000000
69 88 55 0.00000000
69 88 56 0.00000000
69 88 57 0.00000000
69 88 58 0.00000000
69 88 59 0.00000000
69 88 60 0.00000000
69 88 61 0.00000000
69 88 62 0.00000000
69 88 63 0.00000000
69 88 64 0.00000000
69 88 65 0.00094321
69 88 66 0.00094321
69 88 67 0.00000000
69 88 68 0.00000000
69 88 69 0.34458596
69 88 70 0.00000000
69 88 71 0.00000000
69 88 72 0.00031440
69 88 73 0.00000000
69 88 74 0.00000000
69 88 75 0.00031440
69 88 76 0.00094321
69 88 77 0.00188642
69 88 78 0.00000000
69 88 79 0.00000000
69 88 80 0.00000000
69 88 81 0.00000000
69 88 82 0.03144032
69 88 83 0.00000000
69 88 84 0.07734320
69 88 85 0.00000000
69 88 86 0.05533497
69 88 87 0.00000000
69 88 88 0.31440325
69 88 89 0.00000000
69 88 90 0.00031440
69 88 91 0.00000000
69 88 92 0.00031440
69 88 93 0.00000000
69 88 94 0.00000000
69 88 95 0.00000000
69 88 96 0.00000000
69 88 97 0.00000000
69 88 98 0.00000000
69 88 99 0.00000000
69 88 100 0.00000000
69 88 101 0.00000000
69 88 102 0.00000000
69 88 103 0.00000000
69 88 104 0.00000000
69 88 105 0.00000000
69 88 106 0.00974650
69 88 107 0.00000000
69 88 108 0.00000000
69 88 109 0.00000000
69 88 110 0.00000000
69 88 111 0.00000000
69 88 112 0.00000000
69 88 113 0.00000000
69 88 114 0.00000000
69 88 115 0.00000000
69 88 116 0.00000000
69 88 117 0.00000000
69 88 118 0.00000000
69 88 119 0.00000000
69 88 120 0.00000000
69 88 121 0.00000000
69 88 122 0.00000000
69 88 123 0.00000000
69 88 124 0.00000000
69 88 125 0.00000000
69 88 126 0.00000000
69 88 127 0.00000000
69 88 128 0.00000000
69 88 129 0.00188642
69 88 130 0.00000000
69 88 131 0.00000000
69 88 132 0.00000000
69 88 133 0.00000000
69 88 134 0.00000000
69 88 135 0.00000000
69 88 136 0.00000000
69 88 137 0.00000000
69 88 138 0.00000000
69 88 139 0.00000000
69 88 140 0.00000000
69 88 141 0.00000000
69 88 142 0.00000000
69 88 143 0.00031440
69 88 144 0.00000000
69 88 145 0.00000000
69 88 146 0.00000000
69 88 147 0.00000000
69 88 148 0.00000000
69 88 149 0.00000000
69 88 150 0.00000000
69 88 151 0.00000000
69 88 152 0.00000000
69 88 153 0.00000000
69 88 154 0.00031440
69 88 155 0.00000000
69 88 156 0.00000000
69 88 157 0.00000000
69 88 158 0.00000000
69 88 159 0.00000000
69 88 160 0.00062881
69 88 161 0.00000000
69 88 162 0.00000000
69 88 163 0.00000000
69 88 164 0.00000000
69 88 165 0.00000000
69 88 166 0.00000000
39 122 0 0.00000000
39 122 1 0.00000000
39 122 2 0.00000000
39 122 3 0.00000000
39 122 4 0.00000000
39 122 5 0.00000000
39 122 6 0.00000000
39 122 7 0.00000000
39 122 8 0.00000000
39 122 9 0.09463538
39 122 10 0.00000000
39 122 11 0.00000000
39 122 12 0.00000000
39 122 13 0.00000000
39 122 14 0.00000000
39 122 15 0.00000000
39 122 16 0.00000000
39 122 17 0.00000000
39 122 18 0.00000000
39 122 19 0.00377284
39 122 20 0.00031440
39 122 21 0.00000000
39 122 22 0.00000000
39 122 23 0.00000000
39 122 24 0.00000000
39 122 25 0.00000000
39 122 26 0.00000000
39 122 27 0.00000000
39 122 28 0.00000000
39 122 29 0.00000000
39 122 30 0.00000000
39 122 31 0.00000000
39 122 32 0.00000000
39 122 33 0.00000000
39 122 34 0.00000000
39 122 35 0.00000000
39 122 36 0.00000000
39 122 37 0.00000000
39 122 38 0.00000000
39 122 39 0.32100571
39 122 40 0.00000000
39 122 41 0.00000000
39 122 42 0.00000000
39 122 43 0.00000000
39 122 44 0.00000000
39 122 45 0.00000000
39 122 46 0.00000000
39 122 47 0.00000000
39 122 48 0.02609547
39 122 49 0.00000000
39 122 50 0.00000000
39 122 51 0.00000000
39 122 52 0.00000000
39 122 53 0.08708970
39 122 54 0.00000000
39 122 55 0.00000000
39 122 56 0.00000000
39 122 57 0.00000000
39 122 58 0.00000000
39 122 59 0.00000000
39 122 60 0.00000000
39 122 61 0.00000000
39 122 62 0.00000000
39 122 63 0.00000000
39 122 64 0.00000000
39 122 65 0.00000000
39 122 66 0.00000000
39 122 67 0.00000000
39 122 68 0.00000000
39 122 69 0.00000000
39 122 70 0.00000000
39 122 71 0.00000000
39 122 72 0.00000000
39 122 73 0.00000000
39 122 74 0.00000000
39 122 75 0.00000000
39 122 76 0.00000000
39 122 77 0.00000000
39 122 78 0.00000000
39 122 79 0.00000000
39 122 80 0.00000000
39 122 81 0.00000000
39 122 82 0.00000000
39 122 83 0.00000000
39 122 84 0.00000000
39 122 85 0.00000000
39 122 86 0.00000000
39 122 87 0.00000000
39 122 88 0.00000000
39 122 89 0.00000000
39 122 90 0.00000000
39 122 91 0.00000000
39 122 92 0.00000000
39 122 93 0.00000000
39 122 94 0.00000000
39 122 95 0.00000000
39 122 96 0.00000000
39 122 97 0.00000000
39 122 98 0.00000000
39 122 99 0.00000000
39 122 100 0.00000000
39 122 101 0.00157202
39 122 102 0.00000000
39 122 103 0.00000000
39 122 104 0.00000000
39 122 105 0.00000000
39 122 106 0.00000000
39 122 107 0.00000000
39 122 108 0.00000000
39 122 109 0.00000000
39 122 110 0.00000000
39 122 111 0.00565926
39 122 112 0.00000000
39 122 113 0.00000000
39 122 114 0.00000000
39 122 115 0.00000000
39 122 116 0.00000000
39 122 117 0.00031440
39 122 118 0.00000000
39 122 119 0.00000000
39 122 120 0.01917860
39 122 121 0.00000000
39 122 122 0.29333823
39 122 123 0.00000000
39 122 124 0.00000000
39 122 125 0.00000000
39 122 126 0.00000000
39 122 127 0.00000000
39 122 128 0.00000000
39 122 129 0.00000000
39 122 130 0.00000000
39 122 131 0.00000000
39 122 132 0.00000000
39 122 133 0.00000000
39 122 134 0.00000000
39 122 135 0.00000000
39 122 136 0.00000000
39 122 137 0.00000000
39 122 138 0.00000000
39 122 139 0.00000000
39 122 140 0.00000000
39 122 141 0.00000000
39 122 142 0.00000000
39 122 143 0.00000000
39 122 144 0.00031440
39 122 145 0.00000000
39 122 146 0.00000000
39 122 147 0.00000000
39 122 148 0.00000000
39 122 149 0.00000000
39 122 150 0.00000000
39 122 151 0.00880329
39 122 152 0.00000000
39 122 153 0.00000000
39 122 154 0.00000000
39 122 155 0.00000000
39 122 156 0.00000000
39 122 157 0.00000000
39 122 158 0.00000000
39 122 159 0.00000000
39 122 160 0.00000000
39 122 161 0.00000000
39 122 162 0.00000000
39 122 163 0.00000000
39 122 164 0.00000000
39 122 165 0.00000000
39 122 166 0.00031440
153 112 0 0.00000000
153 112 1 0.00000000
153 112 2 0.00000000
153 112 3 0.00094321
153 112 4 0.00000000
153 112 5 0.00062881
153 112 6 0.00000000
153 112 7 0.00503045
153 112 8 0.00000000
153 112 9 0.00000000
153 112 10 0.00000000
153 112 11 0.00031440
153 112 12 0.00282963
153 112 13 0.00000000
153 112 14 0.00691687
153 112 15 0.01509136
153 112 16 0.00000000
153 112 17 0.00157202
153 112 18 0.00000000
153 112 19 0.00000000
153 112 20 0.00094321
153 112 21 0.00000000
153 112 22 0.00000000
153 112 23 0.00062881
153 112 24 0.00031440
153 112 25 0.00031440
153 112 26 0.02892510
153 112 27 0.00062881
153 112 28 0.00000000
153 112 29 0.00000000
153 112 30 0.00000000
153 112 31 0.00000000
153 112 32 0.00000000
153 112 33 0.00000000
153 112 34 0.00000000
153 112 35 0.00000000
153 112 36 0.00000000
153 112 37 0.00000000
153 112 38 0.00000000
153 112 39 0.00000000
153 112 40 0.00000000
153 112 41 0.00000000
153 112 42 0.00062881
153 112 43 0.00000000
153 112 44 0.00000000
153 112 45 0.00000000
153 112 46 0.00000000
153 112 47 0.00000000
153 112 48 0.00000000
153 112 49 0.00031440
153 112 50 0.00000000
153 112 51 0.00000000
153 112 52 0.00000000
153 112 53 0.00000000
153 112 54 0.00000000
153 112 55 0.00282963
153 112 56 0.00062881
153 112 57 0.00157202
153 112 58 0.00031440
153 112 59 0.00125761
153 112 60 0.00000000
153 112 61 0.00031440
153 112 62 0.00000000
153 112 63 0.00000000
153 112 64 0.00000000
153 112 65 0.00157202
153 112 66 0.00031440
153 112 67 0.00031440
153 112 68 0.00125761
153 112 69 0.00000000
153 112 70 0.00000000
153 112 71 0.00000000
153 112 72 0.01320494
153 112 73 0.00000000
153 112 74 0.00000000
153 112 75 0.00031440
153 112 76 0.00000000
153 112 77 0.00000000
153 112 78 0.00000000
153 112 79 0.00000000
153 112 80 0.00000000
153 112 81 0.07388476
153 112 82 0.00000000
153 112 83 0.00000000
153 112 84 0.00000000
153 112 85 0.00094321
153 112 86 0.00000000
153 112 87 0.00000000
153 112 88 0.00000000
153 112 89 0.00000000
153 112 90 0.00031440
153 112 91 0.00000000
153 112 92 0.00000000
153 112 93 0.00031440
153 112 94 0.07451357
153 112 95 0.00000000
153 112 96 0.00000000
153 112 97 0.00000000
153 112 98 0.00062881
153 112 99 0.00000000
153 112 100 0.00031440
153 112 101 0.00000000
153 112 102 0.00062881
153 112 103 0.00000000
153 112 104 0.00000000
153 112 105 0.00000000
153 112 106 0.00000000
153 112 107 0.00000000
153 112 108 0.00000000
153 112 109 0.00000000
153 112 110 0.00000000
153 112 111 0.00000000
153 112 112 0.25749626
153 112 113 0.00000000
153 112 114 0.00000000
153 112 115 0.00000000
153 112 116 0.00062881
153 112 117 0.00000000
153 112 118 0.00000000
153 112 119 0.00000000
153 112 120 0.00000000
153 112 121 0.00000000
153 112 122 0.00000000
153 112 123 0.00000000
153 112 124 0.00000000
153 112 125 0.00000000
153 112 126 0.00000000
153 112 127 0.00000000
153 112 128 0.00000000
153 112 129 0.00000000
153 112 130 0.00000000
153 112 131 0.00000000
153 112 132 0.00000000
153 112 133 0.00000000
153 112 134 0.00000000
153 112 135 0.00000000
153 112 136 0.00062881
153 112 137 0.00031440
153 112 138 0.00000000
153 112 139 0.00000000
153 112 140 0.00031440
153 112 141 0.00125761
153 112 142 0.00000000
153 112 143 0.00031440
153 112 144 0.00000000
153 112 145 0.00000000
153 112 146 0.00062881
153 112 147 0.00062881
153 112 148 0.00031440
153 112 149 0.00062881
153 112 150 0.00000000
153 112 151 0.00000000
153 112 152 0.00000000
153 112 153 0.27321642
153 112 154 0.00000000
153 112 155 0.00000000
153 112 156 0.00031440
153 112 157 0.00000000
153 112 158 0.00000000
153 112 159 0.00062881
153 112 160 0.00094321
153 112 161 0.00031440
153 112 162 0.00031440
153 112 163 0.00000000
153 112 164 0.00000000
153 112 165 0.00000000
153 112 166 0.00031440
157 83 0 0.00000000
157 83 1 0.00000000
157 83 2 0.00000000
157 83 3 0.00000000
157 83 4 0.00000000
157 83 5 0.00000000
157 83 6 0.00000000
157 83 7 0.00628806
157 83 8 0.00000000
157 83 9 0.00000000
157 83 10 0.00000000
157 83 11 0.00000000
157 83 12 0.00000000
157 83 13 0.00000000
157 83 14 0.00000000
157 83 15 0.00000000
157 83 16 0.00000000
157 83 17 0.00000000
157 83 18 0.00000000
157 83 19 0.00000000
157 83 20 0.00000000
157 83 21 0.00000000
157 83 22 0.00000000
157 83 23 0.00000000
157 83 24 0.00000000
157 83 25 0.00000000
157 83 26 0.00000000
157 83 27 0.00000000
157 83 28 0.00000000
157 83 29 0.00000000
157 83 30 0.00031440
157 83 31 0.00000000
157 83 32 0.00000000
157 83 33 0.00000000
157 83 34 0.00000000
157 83 35 0.00000000
157 83 36 0.00000000
157 83 37 0.00000000
157 83 38 0.00000000
157 83 39 0.00000000
157 83 40 0.00000000
157 83 41 0.00000000
157 83 42 0.00000000
157 83 43 0.00000000
157 83 44 0.00000000
157 83 45 0.00000000
157 83 46 0.00000000
157 83 47 0.00000000
157 83 48 0.00000000
157 83 49 0.00000000
157 83 50 0.00000000
157 83 51 0.00000000
157 83 52 0.00000000
157 83 53 0.00000000
157 83 54 0.00000000
157 83 55 0.00031440
157 83 56 0.00000000
157 83 57 0.00000000
157 83 58 0.00000000
157 83 59 0.00000000
157 83 60 0.00000000
157 83 61 0.00000000
157 83 62 0.00000000
157 83 63 0.00000000
157 83 64 0.00000000
157 83 65 0.00000000
157 83 66 0.00000000
157 83 67 0.00000000
157 83 68 0.00000000
157 83 69 0.00000000
157 83 70 0.00000000
157 83 71 0.00000000
157 83 72 0.00000000
157 83 73 0.00000000
157 83 74 0.00000000
157 83 75 0.00000000
157 83 76 0.00000000
157 83 77 0.00000000
157 83 78 0.00000000
157 83 79 0.00000000
157 83 80 0.00000000
157 83 81 0.00000000
157 83 82 0.00000000
157 83 83 0.27667486
157 83 84 0.00000000
157 83 85 0.00000000
157 83 86 0.00000000
157 83 87 0.00000000
157 83 88 0.00000000
157 83 89 0.00000000
157 83 90 0.00000000
157 83 91 0.00000000
157 83 92 0.00000000
157 83 93 0.00000000
157 83 94 0.00000000
157 83 95 0.00000000
157 83 96 0.00000000
157 83 97 0.00000000
157 83 98 0.00031440
157 83 99 0.00000000
157 83 100 0.00000000
157 83 101 0.00000000
157 83 102 0.00000000
157 83 103 0.00000000
157 83 104 0.00000000
157 83 105 0.00000000
157 83 106 0.00000000
157 83 107 0.00000000
157 83 108 0.00000000
157 83 109 0.00000000
157 83 110 0.08268805
157 83 111 0.00000000
157 83 112 0.00000000
157 83 113 0.00000000
157 83 114 0.00000000
157 83 115 0.00000000
157 83 116 0.00000000
157 83 117 0.00000000
157 83 118 0.00000000
157 83 119 0.00000000
157 83 120 0.00000000
157 83 121 0.00000000
157 83 122 0.00000000
157 83 123 0.00000000
157 83 124 0.00000000
157 83 125 0.00000000
157 83 126 0.00000000
157 83 127 0.00000000
157 83 128 0.00000000
157 83 129 0.00000000
157 83 130 0.00000000
157 83 131 0.00000000
157 83 132 0.00000000
157 83 133 0.00031440
157 83 134 0.03364115
157 83 135 0.00000000
157 83 136 0.00000000
157 83 137 0.00000000
157 83 138 0.00000000
157 83 139 0.00000000
157 83 140 0.00000000
157 83 141 0.00000000
157 83 142 0.00000000
157 83 143 0.00000000
157 83 144 0.00000000
157 83 145 0.00000000
157 83 146 0.00000000
157 83 147 0.00000000
157 83 148 0.00000000
157 83 149 0.00000000
157 83 150 0.00000000
157 83 151 0.00000000
157 83 152 0.00000000
157 83 153 0.00031440
157 83 154 0.00000000
157 83 155 0.00000000
157 83 156 0.00000000
157 83 157 0.30717197
157 83 158 0.00000000
157 83 159 0.00000000
157 83 160 0.00000000
157 83 161 0.00000000
157 83 162 0.00000000
157 83 163 0.00000000
157 83 164 0.00000000
157 83 165 0.00000000
157 83 166 0.00000000
