69 0 0.223764 0.243210
86 0 0.132653 0.144181
88 0 0.223764 0.243210
106 0 0.223764 0.23674
42 1 0.110532 0.120138
74 1 0.123460 0.134189
103 1 0.152566 0.16582
20 2 0.178452 0.193960
92 2 0.209484 0.227689
12 3 0.188506 0.204888
26 3 0.083295 0.090533
26 4 0.083295 0.090533
43 4 0.105404 0.114564
56 4 0.191881 0.208557
158 4 0.197531 0.21469
161 4 0.186959 0.20320
26 5 0.083295 0.090533
59 5 0.113500 0.123364
85 5 0.080721 0.087736
22 6 0.070155 0.076252
33 6 0.178897 0.194444
35 6 0.178897 0.194444
55 7 0.128093 0.139225
98 7 0.092980 0.101060
153 7 0.128093 0.13922
157 7 0.128093 0.13922
17 8 0.096897 0.105318
78 8 0.166986 0.181497
96 8 0.166986 0.181497
39 9 0.212450 0.230913
53 9 0.203589 0.221282
122 9 0.203808 0.22152
22 10 0.070155 0.07625
86 10 0.092243 0.10025
165 10 0.092243 0.1002
26 11 0.083295 0.09053
27 11 0.101815 0.11066
3 12 0.188506 0.204888
17 12 0.096897 0.10531
20 12 0.178452 0.19396
23 12 0.188506 0.20488
26 12 0.083295 0.09053
34 12 0.188506 0.20488
57 12 0.088676 0.09638
58 12 0.188506 0.20488
68 12 0.166834 0.18133
141 12 0.188506 0.2048
147 12 0.188506 0.2048
162 12 0.188506 0.2048
119 13 0.237865 0.2367
123 13 0.240375 0.2367
26 14 0.083295 0.09053
81 14 0.237759 0.23489
26 15 0.083295 0.09053
55 15 0.198471 0.21571
72 15 0.174086 0.18921
98 15 0.092980 0.10106
112 15 0.173880 0.1889
86 16 0.132653 0.14418
101 16 0.147935 0.1607
117 16 0.147935 0.1607
154 16 0.093922 0.1020
8 17 0.096897 0.105318
12 17 0.096897 0.10531
26 17 0.083295 0.09053
29 17 0.096897 0.10531
54 17 0.096897 0.10531
66 17 0.096897 0.10531
68 17 0.096897 0.10531
75 17 0.096897 0.10531
86 17 0.096897 0.10531
135 17 0.096897 0.1053
151 17 0.096897 0.1053
26 18 0.083295 0.09053
65 18 0.202536 0.22013
90 18 0.178072 0.19354
48 19 0.233794 0.24244
120 19 0.161303 0.1753
2 20 0.178452 0.193960
12 20 0.178452 0.19396
26 20 0.083295 0.09053
68 20 0.166834 0.18133
71 20 0.178452 0.19396
92 20 0.178452 0.19396
109 20 0.178452 0.1939
151 20 0.131921 0.1433
166 20 0.140979 0.1532
30 21 0.116431 0.12655
87 21 0.116431 0.12655
145 21 0.116431 0.1265
6 22 0.070155 0.076252
10 22 0.070155 0.07625
33 22 0.070155 0.07625
35 22 0.070155 0.07625
70 22 0.070155 0.07625
12 23 0.188506 0.20488
26 23 0.083295 0.09053
147 23 0.223156 0.2335
55 24 0.198471 0.21571
98 24 0.092980 0.10106
26 25 0.083295 0.09053
49 25 0.161543 0.17558
57 25 0.088676 0.09638
99 25 0.196691 0.21378
149 25 0.155044 0.1685
3 26 0.083295 0.090533
4 26 0.083295 0.090533
5 26 0.083295 0.090533
11 26 0.083295 0.09053
12 26 0.083295 0.09053
14 26 0.083295 0.09053
15 26 0.083295 0.09053
17 26 0.083295 0.09053
18 26 0.083295 0.09053
20 26 0.083295 0.09053
23 26 0.083295 0.09053
25 26 0.083295 0.09053
27 26 0.083295 0.09053
28 26 0.048686 0.05291
32 26 0.083295 0.09053
37 26 0.083295 0.09053
38 26 0.083295 0.09053
40 26 0.083295 0.09053
42 26 0.083295 0.09053
56 26 0.083295 0.09053
57 26 0.083295 0.09053
58 26 0.083295 0.09053
59 26 0.083295 0.09053
61 26 0.083295 0.09053
65 26 0.083295 0.09053
67 26 0.083295 0.09053
68 26 0.083295 0.09053
72 26 0.083295 0.09053
73 26 0.083295 0.09053
75 26 0.083295 0.09053
79 26 0.065260 0.07093
81 26 0.083295 0.09053
85 26 0.080721 0.08773
86 26 0.083295 0.09053
90 26 0.083295 0.09053
93 26 0.083295 0.09053
94 26 0.083295 0.09053
102 26 0.083295 0.0905
112 26 0.083295 0.0905
136 26 0.083295 0.0905
137 26 0.083295 0.0905
138 26 0.083295 0.0905
140 26 0.083295 0.0905
141 26 0.083295 0.0905
143 26 0.083295 0.0905
146 26 0.083295 0.0905
147 26 0.083295 0.0905
148 26 0.083295 0.0905
149 26 0.083295 0.0905
153 26 0.083295 0.0905
156 26 0.083295 0.0905
159 26 0.083295 0.0905
160 26 0.083295 0.0905
161 26 0.083295 0.0905
11 27 0.101815 0.11066
26 27 0.083295 0.09053
63 27 0.101815 0.11066
85 27 0.080721 0.08773
26 28 0.048686 0.05291
137 28 0.048686 0.0529
17 29 0.096897 0.10531
21 30 0.116431 0.12655
87 30 0.152279 0.16551
133 30 0.044736 0.0486
134 30 0.125156 0.1360
145 30 0.190691 0.2072
127 31 0.069034 0.0750
142 31 0.069034 0.0750
152 31 0.069034 0.0750
26 32 0.083295 0.09053
6 33 0.178897 0.194444
22 33 0.070155 0.07625
35 33 0.191036 0.20763
41 33 0.193380 0.21018
128 33 0.104007 0.1130
12 34 0.188506 0.20488
162 34 0.224213 0.2397
6 35 0.178897 0.194444
22 35 0.070155 0.07625
33 35 0.191036 0.20763
45 36 0.177642 0.19308
75 36 0.125977 0.13692
76 36 0.131695 0.14314
103 36 0.152566 0.1658
118 36 0.110965 0.1206
26 37 0.083295 0.09053
65 37 0.179872 0.19550
136 37 0.126245 0.1372
26 38 0.083295 0.09053
146 38 0.214294 0.2329
160 38 0.215427 0.2341
9 39 0.212450 0.230913
48 39 0.212450 0.23091
53 39 0.203589 0.22128
122 39 0.203808 0.2215
26 40 0.083295 0.09053
143 40 0.187446 0.2037
33 41 0.193380 0.21018
128 41 0.104007 0.1130
1 42 0.110532 0.120138
26 42 0.083295 0.09053
55 42 0.110532 0.12013
57 42 0.088676 0.09638
68 42 0.110532 0.12013
95 42 0.110532 0.12013
133 42 0.044736 0.0486
4 43 0.105404 0.114564
158 43 0.105404 0.1145
66 44 0.113175 0.12301
131 44 0.098409 0.1069
36 45 0.177642 0.19308
103 45 0.152566 0.1658
118 45 0.110965 0.1206
64 46 0.155696 0.16922
131 46 0.098409 0.1069
139 46 0.155696 0.1692
146 47 0.094973 0.1032
19 48 0.233794 0.24244
39 48 0.212450 0.23091
120 48 0.161303 0.1753
25 49 0.161543 0.17558
57 49 0.088676 0.09638
60 50 0.089228 0.09698
76 50 0.089228 0.09698
89 50 0.089228 0.09698
90 51 0.178072 0.19354
108 51 0.147277 0.1600
66 52 0.154922 0.16838
91 52 0.235289 0.23810
121 52 0.235289 0.2381
150 52 0.218977 0.2380
9 53 0.203589 0.221282
39 53 0.203589 0.22128
101 53 0.170099 0.1848
111 53 0.203589 0.2212
122 53 0.203589 0.2212
17 54 0.096897 0.10531
135 54 0.230166 0.2486
7 55 0.128093 0.139225
15 55 0.198471 0.21571
24 55 0.198471 0.21571
42 55 0.110532 0.12013
98 55 0.092980 0.10106
116 55 0.198471 0.2157
4 56 0.191881 0.208557
26 56 0.083295 0.09053
161 56 0.186959 0.2032
12 57 0.088676 0.09638
25 57 0.088676 0.09638
26 57 0.083295 0.09053
42 57 0.088676 0.09638
49 57 0.088676 0.09638
87 57 0.088676 0.09638
95 57 0.088676 0.09638
99 57 0.088676 0.09638
148 57 0.088676 0.0963
149 57 0.088676 0.0963
151 57 0.088676 0.0963
156 57 0.088676 0.0963
166 57 0.088676 0.0963
12 58 0.188506 0.20488
26 58 0.083295 0.09053
141 58 0.211697 0.2300
5 59 0.113500 0.123364
26 59 0.083295 0.09053
73 59 0.120976 0.13149
85 59 0.080721 0.08773
50 60 0.089228 0.09698
89 60 0.100395 0.10912
107 60 0.100395 0.1091
114 60 0.100395 0.1091
124 60 0.100395 0.1091
26 61 0.083295 0.09053
68 62 0.166834 0.18133
27 63 0.101815 0.11066
46 64 0.155696 0.16922
18 65 0.202536 0.22013
26 65 0.083295 0.09053
37 65 0.179872 0.19550
86 65 0.132653 0.14418
90 65 0.178072 0.19354
136 65 0.126245 0.1372
17 66 0.096897 0.10531
44 66 0.113175 0.12301
52 66 0.154922 0.16838
86 66 0.132653 0.14418
150 66 0.154922 0.1683
26 67 0.083295 0.09053
12 68 0.166834 0.18133
17 68 0.096897 0.10531
20 68 0.166834 0.18133
26 68 0.083295 0.09053
42 68 0.110532 0.12013
62 68 0.166834 0.18133
98 68 0.092980 0.10106
100 68 0.166834 0.1813
116 68 0.166834 0.1813
0 69 0.223764 0.243210
84 69 0.180316 0.19598
86 69 0.132653 0.14418
88 69 0.231748 0.24354
22 70 0.070155 0.07625
104 70 0.102784 0.1117
131 70 0.098409 0.1069
155 70 0.096663 0.1050
164 70 0.082892 0.0900
20 71 0.178452 0.19396
15 72 0.174086 0.18921
26 72 0.083295 0.09053
112 72 0.173880 0.1889
26 73 0.083295 0.09053
59 73 0.120976 0.13149
85 73 0.080721 0.08773
1 74 0.123460 0.134189
105 74 0.123460 0.1341
152 74 0.120711 0.1312
17 75 0.096897 0.10531
26 75 0.083295 0.09053
36 75 0.125977 0.13692
76 75 0.125977 0.13692
98 75 0.092980 0.10106
102 75 0.125977 0.1369
119 75 0.125977 0.1369
166 75 0.125977 0.1369
36 76 0.131695 0.14314
50 76 0.089228 0.09698
75 76 0.125977 0.13692
86 76 0.131695 0.14314
130 76 0.106636 0.1159
154 76 0.093922 0.1020
86 77 0.132653 0.14418
129 77 0.154277 0.1676
130 77 0.106636 0.1159
132 77 0.178697 0.1942
163 77 0.135433 0.1472
8 78 0.166986 0.181497
96 78 0.186198 0.20237
26 79 0.065260 0.07093
128 80 0.104007 0.1130
14 81 0.237759 0.23489
26 81 0.083295 0.09053
94 81 0.193802 0.21064
112 81 0.173880 0.1889
153 81 0.187570 0.2038
84 82 0.180316 0.19598
88 82 0.219697 0.23878
110 83 0.225627 0.2383
134 83 0.125156 0.1360
157 83 0.215977 0.2347
69 84 0.180316 0.19598
82 84 0.180316 0.19598
86 84 0.132653 0.14418
88 84 0.180316 0.19598
5 85 0.080721 0.087736
26 85 0.080721 0.08773
27 85 0.080721 0.08773
59 85 0.080721 0.08773
73 85 0.080721 0.08773
142 85 0.080721 0.0877
0 86 0.132653 0.144181
10 86 0.092243 0.10025
16 86 0.132653 0.14418
17 86 0.096897 0.10531
26 86 0.083295 0.09053
65 86 0.132653 0.14418
66 86 0.132653 0.14418
69 86 0.132653 0.14418
76 86 0.131695 0.14314
77 86 0.132653 0.14418
84 86 0.132653 0.14418
88 86 0.132653 0.14418
106 86 0.132653 0.1441
129 86 0.132653 0.1441
154 86 0.093922 0.1020
21 87 0.116431 0.12655
30 87 0.152279 0.16551
57 87 0.088676 0.09638
145 87 0.152279 0.1655
0 88 0.223764 0.243210
69 88 0.231748 0.24354
82 88 0.219697 0.23878
84 88 0.180316 0.19598
86 88 0.132653 0.14418
50 89 0.089228 0.09698
60 89 0.100395 0.10912
18 90 0.178072 0.19354
26 90 0.083295 0.09053
51 90 0.178072 0.19354
65 90 0.178072 0.19354
95 90 0.178072 0.19354
97 90 0.178072 0.19354
108 90 0.147277 0.1600
125 90 0.142617 0.1550
155 90 0.096663 0.1050
52 91 0.235289 0.23810
121 91 0.241505 0.2381
2 92 0.209484 0.227689
20 92 0.178452 0.19396
26 93 0.083295 0.09053
156 93 0.213113 0.2316
26 94 0.083295 0.09053
81 94 0.193802 0.21064
112 94 0.173880 0.1889
153 94 0.187570 0.2038
42 95 0.110532 0.12013
57 95 0.088676 0.09638
90 95 0.178072 0.19354
8 96 0.166986 0.181497
78 96 0.186198 0.20237
90 97 0.178072 0.19354
7 98 0.092980 0.101060
15 98 0.092980 0.10106
24 98 0.092980 0.10106
55 98 0.092980 0.10106
68 98 0.092980 0.10106
75 98 0.092980 0.10106
100 98 0.092980 0.1010
103 98 0.092980 0.1010
116 98 0.092980 0.1010
150 98 0.092980 0.1010
25 99 0.196691 0.21378
57 99 0.088676 0.09638
68 100 0.166834 0.1813
98 100 0.092980 0.1010
116 100 0.200993 0.218
16 101 0.147935 0.1607
53 101 0.170099 0.1848
117 101 0.170099 0.184
154 101 0.093922 0.102
26 102 0.083295 0.0905
75 102 0.125977 0.1369
1 103 0.152566 0.16582
36 103 0.152566 0.1658
45 103 0.152566 0.1658
98 103 0.092980 0.1010
118 103 0.110965 0.120
151 103 0.131921 0.143
70 104 0.102784 0.1117
155 104 0.096663 0.105
164 104 0.082892 0.090
74 105 0.123460 0.1341
0 106 0.223764 0.23674
86 106 0.132653 0.1441
60 107 0.100395 0.1091
114 107 0.151057 0.164
124 107 0.151057 0.164
51 108 0.147277 0.1600
90 108 0.147277 0.1600
20 109 0.178452 0.1939
166 109 0.140979 0.153
83 110 0.225627 0.2383
134 110 0.125156 0.136
157 110 0.215977 0.234
53 111 0.203589 0.2212
113 111 0.212263 0.230
126 111 0.175754 0.191
144 111 0.139827 0.151
15 112 0.173880 0.1889
26 112 0.083295 0.0905
72 112 0.173880 0.1889
81 112 0.173880 0.1889
94 112 0.173880 0.1889
153 112 0.173880 0.188
111 113 0.212263 0.230
126 113 0.175754 0.191
144 113 0.139827 0.151
60 114 0.100395 0.1091
107 114 0.151057 0.164
124 114 0.171971 0.186
143 115 0.187446 0.203
55 116 0.198471 0.2157
68 116 0.166834 0.1813
98 116 0.092980 0.1010
100 116 0.200993 0.218
16 117 0.147935 0.1607
101 117 0.170099 0.184
154 117 0.093922 0.102
36 118 0.110965 0.1206
45 118 0.110965 0.1206
103 118 0.110965 0.120
13 119 0.237865 0.2367
75 119 0.125977 0.1369
123 119 0.237865 0.239
19 120 0.161303 0.1753
48 120 0.161303 0.1753
122 120 0.161303 0.175
151 120 0.131921 0.143
52 121 0.235289 0.2381
91 121 0.241505 0.2381
9 122 0.203808 0.22152
39 122 0.203808 0.2215
53 122 0.203589 0.2212
120 122 0.161303 0.175
151 122 0.131921 0.143
13 123 0.240375 0.2367
119 123 0.237865 0.239
60 124 0.100395 0.1091
107 124 0.151057 0.164
114 124 0.171971 0.186
90 125 0.142617 0.1550
111 126 0.175754 0.191
113 126 0.175754 0.191
144 126 0.139827 0.151
31 127 0.069034 0.0750
142 127 0.097484 0.105
152 127 0.097484 0.105
154 127 0.093922 0.102
33 128 0.104007 0.1130
41 128 0.104007 0.1130
80 128 0.104007 0.1130
77 129 0.154277 0.1676
86 129 0.132653 0.1441
132 129 0.154277 0.167
163 129 0.135433 0.147
76 130 0.106636 0.1159
77 130 0.106636 0.1159
152 130 0.106636 0.115
44 131 0.098409 0.1069
46 131 0.098409 0.1069
70 131 0.098409 0.1069
77 132 0.178697 0.1942
129 132 0.154277 0.167
163 132 0.135433 0.147
30 133 0.044736 0.0486
42 133 0.044736 0.0486
134 133 0.044736 0.048
30 134 0.125156 0.1360
83 134 0.125156 0.1360
110 134 0.125156 0.136
133 134 0.044736 0.048
157 134 0.125156 0.136
17 135 0.096897 0.1053
54 135 0.230166 0.2486
26 136 0.083295 0.0905
37 136 0.126245 0.1372
65 136 0.126245 0.1372
26 137 0.083295 0.0905
28 137 0.048686 0.0529
26 138 0.083295 0.0905
46 139 0.155696 0.1692
26 140 0.083295 0.0905
12 141 0.188506 0.2048
26 141 0.083295 0.0905
58 141 0.211697 0.2300
31 142 0.069034 0.0750
85 142 0.080721 0.0877
127 142 0.097484 0.105
152 142 0.120711 0.131
26 143 0.083295 0.0905
40 143 0.187446 0.2037
115 143 0.187446 0.203
111 144 0.139827 0.151
113 144 0.139827 0.151
126 144 0.139827 0.151
21 145 0.116431 0.1265
30 145 0.190691 0.2072
87 145 0.152279 0.1655
26 146 0.083295 0.0905
38 146 0.214294 0.2329
47 146 0.094973 0.1032
160 146 0.214294 0.232
12 147 0.188506 0.2048
23 147 0.223156 0.2335
26 147 0.083295 0.0905
26 148 0.083295 0.0905
57 148 0.088676 0.0963
25 149 0.155044 0.1685
26 149 0.083295 0.0905
57 149 0.088676 0.0963
52 150 0.218977 0.2380
66 150 0.154922 0.1683
98 150 0.092980 0.1010
17 151 0.096897 0.1053
20 151 0.131921 0.1433
57 151 0.088676 0.0963
103 151 0.131921 0.143
120 151 0.131921 0.143
122 151 0.131921 0.143
166 151 0.131921 0.143
31 152 0.069034 0.0750
74 152 0.120711 0.1312
127 152 0.097484 0.105
130 152 0.106636 0.115
142 152 0.120711 0.131
7 153 0.128093 0.13922
26 153 0.083295 0.0905
81 153 0.187570 0.2038
94 153 0.187570 0.2038
112 153 0.173880 0.188
16 154 0.093922 0.1020
76 154 0.093922 0.1020
86 154 0.093922 0.1020
101 154 0.093922 0.102
117 154 0.093922 0.102
127 154 0.093922 0.102
70 155 0.096663 0.1050
90 155 0.096663 0.1050
104 155 0.096663 0.105
164 155 0.082892 0.090
26 156 0.083295 0.0905
57 156 0.088676 0.0963
93 156 0.213113 0.2316
7 157 0.128093 0.13922
83 157 0.215977 0.2347
110 157 0.215977 0.234
134 157 0.125156 0.136
4 158 0.197531 0.21469
43 158 0.105404 0.1145
26 159 0.083295 0.0905
26 160 0.083295 0.0905
38 160 0.215427 0.2341
146 160 0.214294 0.232
4 161 0.186959 0.20320
26 161 0.083295 0.0905
56 161 0.186959 0.2032
12 162 0.188506 0.2048
34 162 0.224213 0.2397
77 163 0.135433 0.1472
129 163 0.135433 0.147
132 163 0.135433 0.147
70 164 0.082892 0.0900
104 164 0.082892 0.090
155 164 0.082892 0.090
10 165 0.092243 0.1002
20 166 0.140979 0.1532
57 166 0.088676 0.0963
75 166 0.125977 0.1369
109 166 0.140979 0.153
151 166 0.131921 0.143
