-0.889132
-0.570106
-0.823186
-0.977212
-0.822931
-0.210343
-0.665349
-0.331297
-0.596447
-0.923903
-0.002963
-0.944670
-0.717668
-0.970938
-0.978978
-0.814322
-0.475313
-0.052190
-0.989794
-0.932980
-0.662856
-0.235840
0.270751
-0.984680
-0.958658
-0.760172
0.099075
-0.101699
0.636078
-0.189516
-0.729192
0.286856
-0.755180
-0.779601
-0.891136
-0.731003
-0.658312
-0.670784
-0.980935
-0.837245
-0.976612
-0.743198
-0.183842
-0.136340
-0.207473
-0.674330
-0.526444
-0.032130
-0.947334
-0.563309
0.030265
-0.921432
-0.939356
-0.794645
-0.922134
-0.769181
-0.735417
0.036469
-0.971449
-0.274133
-0.087651
-0.922009
-0.897209
-0.984864
-0.907137
-0.789459
-0.521458
-0.956469
-0.595538
-0.924190
-0.126007
-0.927646
-0.638088
-0.277861
-0.294456
-0.314641
-0.359029
-0.664233
-0.705347
0.343077
-0.763490
-0.949797
-0.870787
-0.897423
-0.673250
0.130464
-0.366273
-0.504253
-0.942826
-0.274229
-0.660728
-0.965430
-0.978903
-0.861347
-0.745376
-0.852102
-0.942939
-0.947626
-0.010923
-0.990088
-0.831433
-0.614920
-0.696893
-0.506138
-0.111173
-0.569396
-0.971165
-0.496195
-0.470854
-0.725832
-0.964411
-0.836365
-0.636907
-0.890628
-0.625863
-0.951635
-0.781810
-0.967335
-0.187753
-0.950243
-0.561824
-0.965430
-0.795716
-0.960739
-0.804406
-0.438705
-0.647623
-0.058230
-0.123001
-0.517290
-0.147960
-0.067674
-0.879577
0.720680
-0.308101
-0.917340
-0.316767
-0.870425
-0.956200
-0.544699
0.025984
-0.833694
-0.759830
-0.712028
-0.418948
-0.826122
-0.845889
-0.886410
-0.883992
-0.522247
-0.867504
-0.360745
-0.271942
-0.712692
-0.021006
-0.049772
-0.840363
-0.853709
-0.764433
-0.945058
-0.851163
-0.709426
-0.958653
-0.387019
0.103925
-0.976028
-0.427151
